2002 05 14 10
2002 05 14 11
2002 05 14 12
2002 05 14 13
2002 05 14 14
2002 09 02 41
2002 09 02 42
2002 09 02 43
2002 09 02 44
2002 09 02 45
2002 09 02 46
2002 09 02 47
2003 02 09 40
2003 02 09 41
2003 02 09 42
2003 02 09 43
2003 02 09 44
2003 02 09 46
2003 05 01 11
2003 05 01 12
2003 05 01 13
2003 05 01 14
2003 05 01 15
2003 05 01 16
2003 05 01 17
2003 07 04 8
2003 07 04 9
2003 07 04 10
2003 07 04 11
2003 07 04 12
2003 07 04 13
2003 07 04 14
2003 07 04 15
2004 04 08 18
2004 04 08 19
2004 04 08 20
2004 04 08 21
2004 04 08 22
2004 04 08 23
2004 04 08 24
2004 05 27 36
2004 05 27 37
2004 05 27 38
2004 05 27 39
2004 05 27 40
2004 05 27 41
2004 06 23 44
2004 06 23 45
2004 06 23 46
2004 06 23 47
2004 06 24 0
2004 06 24 1
2004 06 24 2
2004 09 07 27
2004 09 07 28
2004 09 07 29
2004 09 07 30
2004 09 07 31
2004 09 07 32
2004 09 07 33
2004 09 07 34
2004 09 07 35
2004 09 07 36
2004 09 07 37
2005 05 20 20
2005 05 20 21
2005 05 20 22
2005 05 20 23
2005 05 20 24
2005 05 20 25
2005 05 20 26
2005 05 20 27
2005 05 20 28
2005 05 20 29
2005 06 30 39
2005 06 30 39
2005 06 30 40
2005 06 30 41
2005 06 30 42
2005 06 30 43
2005 06 30 44
2005 06 30 45
2005 06 30 46
2005 06 30 47
2005 09 09 37
2005 09 27 31
2005 09 27 32
2005 09 27 33
2005 09 27 34
2005 09 27 35
2005 10 19 0
2005 10 19 1
2005 10 19 2
2005 10 19 3
2005 10 19 4
2005 10 19 5
2005 10 19 6
2005 10 19 7
2006 01 16 29
2006 01 16 30
2006 01 16 31
2006 01 16 32
2006 01 16 33
2006 01 16 34
2006 01 16 35
2006 01 16 36
2006 01 16 37
2006 01 28 47
2006 01 29 0
2006 01 29 1
2006 01 29 2
2006 01 29 3
2006 01 29 4
2006 01 29 5
2006 01 29 6
2006 01 29 7
2006 09 14 46
2006 11 11 7
2006 11 11 8
2006 11 11 9
2006 11 11 10
2006 11 11 11
2006 11 11 12
2006 11 11 13
2006 11 11 14
2006 11 11 15
2009 09 16 41
2009 09 16 42
2009 09 16 43
2009 09 16 44
2009 09 16 45
2009 09 16 46
2009 09 16 47
2009 09 17 0
2009 09 17 1
2009 09 17 2
2009 09 17 3
2009 09 17 4
2009 09 17 5
2009 09 17 6
2009 09 17 7
2009 09 17 8
2009 09 17 9
2009 09 17 10
2009 09 17 11
2009 09 17 12
2016 12 18 16
2016 12 18 17
2016 12 18 18
2016 12 18 19
2016 12 18 20
2016 12 18 21
2016 12 18 22
2016 12 18 23
2016 12 18 29
2016 12 18 30
2016 12 18 31
2016 12 18 32
2016 12 18 33
2016 12 18 34
2016 12 18 35
2016 12 18 36
2016 12 18 37
2016 12 18 38
2016 12 18 39
2016 12 18 40
2016 12 18 41
2016 12 18 42
2016 12 18 43
2016 12 18 47
2016 12 19 0
2016 12 19 1
2016 12 19 2
2016 12 19 3
2016 12 19 4
2016 12 19 5
2016 12 19 6
2016 12 19 7
2016 12 19 8
2016 12 19 9
2016 12 19 10
2016 12 19 11
2016 12 19 12
2016 12 19 26
2016 12 19 27
2016 12 19 28
2016 12 19 29
2016 12 19 30
2016 12 19 31
2016 12 19 32
2017 10 09 9
2017 10 09 10
2017 10 09 11
2017 10 09 12
2017 10 09 13
2017 10 09 14
2017 10 09 15
2017 10 09 16
2017 10 09 17
2017 10 09 18
2017 10 09 19
2017 10 09 20
2017 10 09 21
2017 10 09 22
2017 10 09 23
2017 10 09 24
2017 10 09 25
2017 10 09 26
2017 10 09 27
2017 10 09 28
2017 10 09 29
2017 10 09 30
2017 10 09 32
2017 10 09 33
2017 10 09 34
2017 10 09 35
2017 10 09 36
2017 10 09 37
2017 10 09 38
2017 10 09 39
2017 10 09 40
2017 10 09 41
2017 10 09 42
2017 10 09 43
2017 10 09 44
2022 12 07 41
2022 12 07 42
2022 12 07 43
2022 12 07 44
2022 12 08 5
2022 12 08 6
2022 12 08 7
2022 12 08 8
2022 12 08 9
2022 12 08 10
2022 12 08 11
2022 12 10 8
2022 12 10 9
2022 12 10 10
2022 12 10 11
2022 12 11 6
2022 12 11 7
2022 12 11 8
2022 12 11 9
2022 12 11 10
2022 12 13 16
2022 12 13 17
2022 12 13 18
2022 12 13 19
2023 01 13 39
2023 01 13 40
2023 01 13 41
2023 01 13 42
2023 01 13 43
2023 01 13 44
2023 01 13 45
2023 01 13 46
2023 01 13 47
2023 02 07 7
2023 02 07 8
2023 02 07 9
2023 02 07 10
2023 02 07 11
2023 02 18 32
2023 02 23 23
2023 02 23 24
2023 02 23 25
2023 02 23 26
2023 03 16 33
2023 03 16 34
2023 03 16 35
2023 04 23 29
2023 04 23 30
2023 04 23 31
2023 04 23 32
