2003 05 01 8
2003 05 01 9
2003 05 01 10
2003 05 01 18
2003 05 01 19
2003 05 01 20
2004 05 27 42
2004 05 27 43
2004 06 23 43
2005 05 20 30
2005 06 30 38
2005 07 01 0
2005 07 01 1
2005 10 19 8
2006 01 16 28
2006 01 16 38
2006 01 28 44
2006 01 28 45
2006 01 28 46
2006 01 29 8
2006 01 29 9
2006 01 29 10
2006 11 11 4
2006 11 11 5
2006 11 11 6
2006 11 11 16
2009 09 16 38
2009 09 16 39
2009 09 16 40
2009 09 17 13
2022 12 08 4
2022 12 08 12
2022 12 08 13
2022 12 10 5
2022 12 10 6
2022 12 10 7
2022 12 10 17
2022 12 10 18
2022 12 10 19
2022 12 10 20
2022 12 10 21
2022 12 11 5
2022 12 13 15
2023 01 12 16
2023 01 12 17
2023 01 12 18
2023 01 12 19
2023 01 12 20
2023 01 12 21
2023 01 12 22
2023 01 12 23
2023 01 12 24
2023 01 13 35
2023 01 13 36
2023 01 13 37
2023 01 13 38
2023 01 14 0
2023 01 14 1
2023 01 14 2
2023 01 14 3
2023 01 14 4
2023 02 07 5
2023 02 07 6
2023 02 07 12
2023 04 03 9
2023 04 03 10
2023 04 03 11
2023 04 03 12
