2001 01 03 32
2001 01 08 32
2001 01 10 24
2001 01 17 15
2001 01 18 25
2001 01 25 09
2001 02 16 28
2001 04 03 31
2001 04 07 17
2001 04 16 30
2001 04 16 33
2001 04 18 35
2001 04 25 00
2001 04 27 14
2001 05 04 11
2001 05 04 22
2001 05 25 13
2001 06 16 22
2001 06 21 05
2001 06 29 15
2001 07 02 08
2001 07 13 08
2001 07 19 20
2001 07 20 09
2001 07 27 38
2001 08 10 29
2001 08 17 47
2001 08 18 07
2001 08 19 09
2001 08 20 05
2001 08 28 39
2001 09 03 41
2001 09 07 29
2001 09 18 20
2001 09 19 23
2001 09 22 46
2001 09 28 03
2001 10 06 24
2001 10 10 25
2001 10 16 24
2001 10 22 46
2001 11 03 05
2001 11 07 11
2001 11 21 44
2001 12 01 07
2001 12 14 17
2001 12 20 06
2001 12 20 43
2002 01 01 33
2002 01 07 40
2002 01 27 21
2002 01 28 00
2002 02 07 21
2002 03 03 04
2002 03 14 34
2002 03 21 09
2002 03 26 25
2002 04 06 12
2002 04 06 41
2002 04 08 12
2002 04 16 13
2002 04 16 18
2002 04 18 06
2002 05 09 43
2002 06 09 33
2002 06 11 34
2002 06 11 40
2002 06 15 16
2002 06 24 06
2002 06 24 38
2002 07 04 11
2002 07 10 47
2002 07 13 19
2002 07 21 41
2002 07 24 19
2002 08 06 25
2002 08 08 09
2002 08 09 00
2002 08 15 29
2002 08 16 01
2002 09 14 05
2002 09 27 13
2002 10 16 05
2002 10 21 02
2002 10 27 18
2002 11 04 26
2002 11 08 34
2002 11 13 44
2002 11 20 44
2002 12 06 16
2002 12 12 04
2002 12 21 15
2002 12 23 16
2002 12 28 04
2003 01 10 32
2003 01 14 22
2003 01 14 43
2003 01 31 24
2003 02 04 29
2003 02 10 47
2003 03 15 46
2003 03 29 16
2003 04 11 01
2003 04 26 07
2003 05 14 43
2003 05 22 34
2003 05 28 25
2003 05 31 20
2003 06 03 04
2003 06 13 09
2003 06 20 07
2003 07 01 20
2003 07 17 10
2003 07 24 46
2003 08 03 28
2003 08 22 34
2003 08 23 26
2003 09 05 12
2003 09 06 02
2003 09 07 14
2003 09 28 19
2003 10 01 47
2003 10 11 42
2003 10 22 04
2003 10 24 18
2003 10 30 25
2003 11 10 05
2003 11 16 25
2003 11 17 26
2003 11 19 24
2003 11 19 45
2003 11 27 40
2003 12 04 19
2003 12 11 44
2003 12 12 10
2003 12 13 22
2003 12 13 26
2003 12 14 04
2003 12 20 11
2004 01 08 17
2004 01 08 25
2004 01 17 20
2004 01 24 46
2004 01 26 44
2004 02 07 09
2004 02 09 06
2004 02 21 18
2004 03 12 15
2004 03 25 06
2004 04 12 19
2004 04 16 21
2004 04 23 07
2004 04 27 27
2004 04 28 33
2004 05 06 02
2004 05 19 15
2004 06 05 47
2004 06 09 47
2004 06 24 37
2004 06 24 42
2004 06 25 09
2004 06 28 08
2004 07 06 25
2004 07 17 17
2004 07 20 15
2004 07 31 01
2004 08 12 26
2004 08 17 32
2004 08 19 41
2004 08 26 23
2004 09 22 35
2004 10 22 11
2004 11 02 06
2004 11 02 14
2004 11 12 33
2004 11 21 02
2004 11 24 01
2004 12 04 17
2004 12 29 41
2005 01 04 06
2005 01 20 18
2005 02 10 14
2005 02 21 28
2005 02 23 29
2005 02 23 30
2005 02 25 21
2005 03 19 06
2005 03 19 15
2005 03 24 14
2005 03 29 11
2005 04 08 46
2005 04 13 21
2005 04 20 26
2005 05 01 44
2005 05 14 07
2005 05 27 21
2005 05 28 14
2005 06 06 45
2005 06 19 11
2005 06 26 06
2005 07 08 02
2005 07 15 37
2005 07 23 05
2005 08 14 16
2005 08 19 28
2005 08 23 33
2005 08 27 24
2005 09 18 02
2005 09 21 18
2005 10 04 24
2005 10 05 41
2005 10 12 00
2005 10 21 17
2005 10 22 18
2005 10 25 25
2005 10 26 39
2005 11 06 08
2005 11 29 47
2005 12 03 11
2005 12 05 18
2005 12 11 36
2005 12 24 21
2006 01 01 20
2006 01 23 19
2006 02 06 26
2006 03 12 03
2006 03 25 18
2006 04 10 43
2006 04 18 36
2006 04 21 05
2006 04 22 42
2006 04 30 42
2006 05 07 39
2006 05 18 04
2006 05 26 06
2006 06 23 36
2006 06 29 09
2006 07 04 00
2006 07 07 36
2006 07 08 05
2006 07 11 27
2006 07 15 33
2006 08 03 17
2006 08 17 06
2006 08 19 20
2006 08 23 10
2006 09 08 28
2006 09 17 05
2006 09 18 03
2006 09 20 01
2006 09 28 24
2006 10 08 18
2006 10 09 23
2006 10 09 38
2006 10 13 41
2006 10 19 38
2006 11 06 13
2006 11 12 03
2006 11 22 25
2006 11 23 34
2006 11 28 38
2006 12 04 31
2006 12 25 04
2007 01 06 16
2007 01 08 46
2007 01 28 30
2007 02 12 36
2007 02 13 39
2007 03 01 16
2007 03 02 27
2007 03 06 11
2007 03 13 08
2007 03 16 15
2007 04 06 01
2007 04 23 09
2007 04 30 29
2007 04 30 42
2007 05 06 04
2007 05 06 47
2007 05 08 37
2007 05 26 14
2007 06 02 17
2007 06 04 47
2007 06 18 21
2007 06 23 16
2007 06 24 02
2007 07 12 01
2007 07 15 12
2007 07 20 24
2007 07 26 38
2007 07 30 05
2007 08 03 30
2007 08 06 26
2007 08 08 00
2007 08 08 41
2007 08 25 01
2007 08 28 41
2007 08 28 47
2007 09 30 46
2007 10 01 36
2007 10 05 01
2007 10 07 33
2007 10 10 25
2007 10 10 29
2007 11 02 33
2007 12 03 01
2007 12 05 07
2007 12 07 16
2007 12 16 22
2007 12 18 00
2007 12 22 01
2007 12 27 04
2008 01 02 14
2008 01 03 44
2008 01 10 18
2008 01 23 10
2008 02 01 30
2008 02 08 32
2008 02 11 36
2008 02 19 23
2008 02 22 38
2008 03 02 28
2008 03 02 42
2008 03 03 26
2008 03 12 02
2008 04 04 18
2008 04 14 10
2008 04 15 26
2008 04 18 01
2008 04 24 35
2008 04 29 26
2008 05 02 28
2008 06 02 25
2008 06 04 11
2008 06 05 43
2008 06 05 44
2008 06 06 08
2008 06 11 04
2008 06 19 38
2008 07 07 24
2008 07 07 26
2008 07 10 10
2008 08 14 03
2008 08 25 45
2008 09 10 23
2008 09 12 45
2008 09 15 27
2008 09 23 25
2008 09 25 42
2008 10 14 42
2008 10 24 30
2008 11 19 05
2008 11 19 08
2008 11 19 41
2008 12 04 38
2008 12 27 37
2009 01 03 14
2009 01 08 23
2009 01 13 19
2009 01 17 17
2009 02 12 16
2009 02 15 17
2009 02 25 02
2009 02 25 30
2009 02 27 31
2009 03 10 29
2009 03 18 39
2009 03 27 44
2009 03 28 19
2009 03 31 33
2009 04 13 23
2009 04 18 43
2009 04 19 18
2009 05 12 22
2009 05 28 02
2009 05 30 00
2009 06 15 39
2009 06 27 01
2009 06 28 27
2009 07 09 14
2009 07 10 14
2009 07 11 41
2009 07 13 34
2009 07 22 18
2009 07 26 16
2009 07 28 01
2009 08 01 33
2009 08 02 25
2009 08 08 27
2009 08 09 20
2009 08 19 39
2009 08 26 14
2009 08 29 42
2009 09 03 36
2009 09 10 32
2009 09 19 42
2009 10 04 03
2009 10 15 27
2009 10 16 05
2009 10 17 18
2009 10 20 47
2009 10 23 05
2009 10 26 47
2009 11 04 31
2009 11 10 13
2009 11 11 19
2009 12 01 25
2009 12 11 17
2009 12 11 28
2009 12 24 08
2010 01 07 00
2010 01 09 47
2010 01 25 23
2010 01 28 41
2010 02 10 04
2010 02 10 07
2010 02 22 28
2010 02 23 29
2010 02 26 44
2010 03 10 09
2010 03 14 14
2010 03 30 44
2010 04 24 20
2010 04 25 17
2010 05 07 27
2010 05 12 22
2010 05 23 30
2010 07 06 30
2010 07 15 47
2010 08 03 16
2010 08 12 01
2010 08 24 23
2010 08 27 15
2010 08 30 01
2010 09 16 02
2010 09 16 10
2010 10 02 46
2010 10 14 31
2010 10 16 05
2010 10 16 21
2010 10 16 43
2010 10 20 47
2010 10 28 01
2010 11 05 35
2010 11 12 40
2010 11 25 43
2010 11 29 03
2010 12 03 38
2010 12 12 05
2010 12 15 23
2010 12 20 05
2010 12 31 30
2011 01 04 32
2011 01 17 22
2011 01 19 15
2011 01 26 28
2011 02 05 03
2011 02 05 36
2011 03 05 32
2011 03 09 21
2011 03 09 47
2011 03 10 30
2011 03 15 09
2011 03 24 36
2011 03 31 23
2011 04 07 37
2011 04 10 19
2011 04 13 13
2011 04 20 36
2011 05 02 20
2011 05 08 45
2011 05 10 45
2011 05 24 43
2011 05 25 22
2011 05 28 41
2011 05 31 46
2011 06 17 28
2011 06 19 25
2011 06 20 06
2011 06 23 16
2011 07 03 34
2011 07 24 04
2011 08 11 44
2011 09 02 08
2011 09 04 16
2011 09 06 20
2011 09 13 10
2011 09 15 42
2011 09 26 24
2011 09 27 44
2011 10 02 06
2011 10 07 03
2011 10 15 12
2011 10 17 41
2011 10 19 34
2011 11 02 33
2011 11 08 25
2011 11 08 33
2011 11 16 26
2011 11 24 03
2011 12 03 15
2011 12 08 11
2011 12 14 40
2011 12 15 13
2011 12 26 07
2011 12 27 41
2011 12 28 39
2011 12 30 32
2011 12 31 37
2012 01 03 07
2012 01 21 05
2012 01 25 13
2012 01 26 36
2012 02 25 14
2012 02 25 29
2012 03 18 06
2012 03 20 24
2012 03 24 01
2012 03 29 14
2012 04 06 35
2012 04 14 33
2012 04 18 15
2012 05 08 37
2012 05 29 42
2012 06 22 33
2012 07 03 45
2012 07 05 05
2012 07 05 19
2012 07 06 16
2012 07 08 30
2012 07 08 43
2012 07 21 24
2012 08 09 20
2012 08 18 34
2012 08 24 38
2012 08 27 26
2012 08 27 37
2012 08 31 11
2012 09 16 47
2012 09 20 28
2012 09 21 06
2012 09 24 46
2012 09 30 38
2012 10 16 13
2012 10 30 29
2012 11 02 21
2012 11 02 33
2012 11 14 01
2012 11 21 16
2012 11 22 22
2012 11 24 05
2012 12 07 08
2012 12 08 38
2012 12 10 47
2012 12 13 26
2012 12 21 35
2013 01 01 31
2013 01 02 42
2013 01 05 45
2013 01 07 26
2013 01 16 20
2013 01 18 08
2013 01 27 03
2013 02 04 11
2013 02 08 28
2013 02 08 46
2013 03 02 40
2013 03 20 22
2013 03 23 45
2013 04 06 21
2013 04 11 11
2013 04 21 05
2013 04 28 30
2013 05 09 12
2013 05 12 17
2013 05 23 39
2013 05 25 21
2013 05 26 00
2013 05 30 08
2013 05 31 05
2013 06 21 34
2013 07 03 16
2013 07 15 41
2013 07 16 06
2013 07 21 40
2013 07 24 41
2013 08 04 00
2013 08 06 11
2013 08 12 29
2013 08 16 20
2013 08 20 29
2013 09 04 34
2013 09 15 20
2013 09 18 47
2013 09 19 30
2013 09 20 31
2013 09 26 05
2013 09 26 08
2013 10 04 05
2013 10 07 13
2013 10 15 01
2013 11 06 01
2013 11 12 44
2013 11 21 27
2013 11 22 01
2013 12 20 44
2013 12 23 43
2013 12 30 05
2014 01 02 21
2014 01 30 14
2014 02 01 13
2014 02 05 47
2014 02 07 40
2014 02 18 23
2014 03 08 08
2014 03 18 06
2014 05 01 36
2014 05 02 13
2014 05 04 26
2014 05 05 07
2014 05 17 25
2014 05 27 38
2014 05 29 16
2014 06 15 07
2014 06 22 27
2014 06 25 32
2014 07 17 01
2014 07 21 36
2014 07 22 31
2014 07 30 22
2014 08 01 05
2014 08 18 18
2014 08 27 29
2014 09 01 38
2014 09 04 25
2014 09 06 41
2014 09 19 26
2014 09 19 27
2014 09 26 26
2014 10 12 18
2014 10 13 38
2014 10 16 04
2014 10 18 03
2014 10 19 42
2014 10 20 04
2014 10 24 16
2014 10 29 47
2014 11 01 05
2014 11 02 28
2014 11 06 12
2014 11 08 23
2014 11 10 35
2014 11 12 04
2014 11 14 07
2014 11 16 27
2014 12 04 00
2014 12 25 15
2014 12 26 40
2015 01 13 03
2015 01 14 42
2015 01 28 33
2015 02 14 22
2015 02 15 43
2015 02 22 31
2015 03 02 43
2015 03 03 13
2015 03 12 04
2015 03 23 03
2015 03 25 44
2015 04 17 28
2015 04 19 10
2015 04 22 08
2015 05 01 24
2015 05 08 41
2015 05 31 02
2015 06 15 11
2015 06 23 03
2015 06 24 08
2015 07 06 37
2015 07 21 39
2015 07 22 31
2015 07 23 26
2015 07 30 35
2015 08 09 41
2015 08 24 02
2015 09 09 36
2015 09 19 32
2015 09 22 24
2015 10 04 09
2015 10 19 46
2015 10 25 23
2015 10 28 26
2015 10 31 05
2015 11 12 04
2015 11 22 47
2015 11 29 10
2015 12 02 44
2015 12 10 41
2015 12 13 37
2015 12 20 06
2015 12 22 22
2016 01 17 00
2016 01 21 41
2016 01 22 14
2016 02 04 23
2016 02 05 25
2016 02 07 44
2016 02 13 44
2016 03 03 29
2016 03 04 20
2016 03 09 00
2016 03 23 14
2016 04 05 04
2016 04 07 08
2016 04 15 00
2016 04 28 07
2016 04 28 32
2016 04 30 40
2016 05 25 36
2016 05 29 07
2016 06 06 38
2016 06 09 22
2016 06 11 02
2016 06 30 28
2016 07 01 36
2016 09 02 06
2016 09 04 11
2016 09 10 09
2016 09 13 05
2016 09 14 21
2016 09 22 30
2016 09 26 20
2016 10 11 13
2016 10 16 09
2016 11 02 09
2016 11 03 43
2016 11 12 24
2016 11 13 42
2016 11 14 15
2016 11 20 10
2017 01 13 44
2017 02 03 19
2017 02 09 20
2017 03 06 39
2017 03 14 40
2017 04 08 11
2017 04 13 40
2017 04 22 11
2017 04 24 20
2017 05 09 00
2017 05 12 06
2017 05 14 18
2017 05 22 47
2017 05 24 28
2017 06 10 13
2017 06 11 36
2017 06 14 04
2017 06 15 28
2017 06 22 08
2017 06 28 01
2017 07 02 40
2017 07 12 38
2017 07 21 18
2017 07 22 47
2017 07 31 31
2017 08 21 24
2017 09 05 08
2017 09 06 27
2017 09 29 27
2017 09 30 18
2017 10 15 05
2017 10 15 12
2017 10 25 16
2017 11 06 36
2017 11 22 06
2017 11 22 26
2017 11 23 43
2017 12 05 27
2017 12 10 42
2017 12 11 08
2017 12 14 18
2017 12 27 35
2018 01 07 27
2018 01 15 31
2018 01 17 41
2018 01 18 45
2018 01 29 13
2018 01 30 28
2018 02 08 19
2018 02 14 17
2018 02 20 18
2018 02 21 05
2018 02 21 36
2018 02 24 15
2018 02 27 33
2018 03 01 10
2018 03 03 26
2018 03 17 34
2018 03 28 19
2018 04 09 04
2018 04 28 04
2018 04 29 02
2018 05 10 24
2018 06 07 20
2018 06 18 46
2018 06 25 12
2018 07 09 38
2018 07 22 41
2018 07 28 47
2018 08 05 15
2018 08 09 05
2018 09 12 27
2018 09 20 05
2018 09 26 11
2018 10 03 15
2018 10 08 42
2018 10 30 46
2018 11 23 14
2018 12 13 38
2018 12 14 30
2018 12 17 29
2018 12 27 10
2019 01 09 11
2019 01 09 47
2019 01 12 46
2019 01 14 15
2019 02 01 27
2019 02 11 09
2019 03 02 04
2019 03 10 25
2019 03 10 47
2019 03 11 08
2019 03 11 37
2019 03 13 28
2019 03 29 43
2019 04 23 03
2019 04 25 30
2019 04 27 00
2019 04 28 41
2019 05 03 06
2019 05 18 14
2019 06 11 20
2019 06 22 13
2019 07 02 00
2019 07 03 19
2019 07 15 32
2019 07 27 24
2019 07 28 22
2019 08 21 43
2019 08 24 18
2019 08 26 43
2019 08 26 45
2019 09 01 39
2019 09 07 33
2019 09 10 28
2019 09 11 30
2019 10 01 37
2019 10 02 42
2019 10 10 18
2019 10 16 04
2019 10 16 43
2019 10 19 05
2019 10 23 07
2019 11 03 21
2019 11 05 31
2019 11 06 10
2019 11 12 14
2019 11 17 23
2019 11 21 07
2019 12 07 18
2020 01 07 30
2020 01 13 36
2020 02 12 44
2020 02 16 15
2020 02 21 25
2020 03 25 33
2020 03 27 28
2020 04 04 26
2020 04 05 17
2020 04 09 00
2020 04 11 26
2020 04 12 40
2020 04 19 43
2020 04 22 15
2020 04 24 40
2020 05 02 23
2020 05 23 37
2020 05 30 14
2020 06 14 04
2020 06 15 10
2020 06 21 18
2020 06 25 29
2020 06 30 46
2020 07 01 45
2020 07 05 19
2020 07 12 29
2020 07 27 24
2020 07 28 26
2020 07 31 42
2020 08 01 01
2020 08 04 20
2020 08 14 29
2020 08 22 33
2020 08 24 42
2020 08 29 03
2020 09 01 10
2020 09 01 27
2020 09 04 13
2020 10 01 14
2020 10 06 17
2020 10 09 15
2020 10 10 47
2020 10 11 17
2020 10 18 31
2020 10 20 42
2020 10 21 45
2020 10 29 37
2020 11 03 28
2020 11 12 33
2020 11 19 07
2020 11 27 43
2020 11 29 40
2020 12 08 05
2020 12 19 34
2020 12 21 26
2021 01 01 20
2021 01 05 32
2021 01 10 42
2021 01 17 16
2021 01 29 38
2021 01 30 07
2021 02 11 04
2021 02 12 12
2021 02 12 36
2021 03 08 26
2021 03 23 03
2021 04 03 15
2021 04 14 31
2021 04 18 32
2021 05 10 29
2021 05 15 39
2021 05 16 36
2021 06 02 22
2021 06 08 42
2021 06 10 26
2021 06 18 21
2021 06 20 40
2021 08 10 30
2021 08 12 42
2021 09 11 30
2021 09 15 13
2021 09 17 35
2021 10 02 08
2021 10 12 12
2021 10 18 39
2021 12 16 46
2022 01 02 36
2022 01 07 38
2022 01 29 16
2022 01 29 36
2022 01 30 02
2022 01 31 38
2022 02 03 38
2022 02 14 23
2022 02 15 39
2022 02 24 06
2022 03 31 05
2022 04 16 46
2022 04 17 30
2022 04 27 14
2022 05 06 16
2022 05 09 11
2022 05 10 20
2022 05 21 36
2022 05 23 44
2022 05 26 24
2022 06 02 31
2022 06 02 41
2022 06 10 01
2022 06 15 07
2022 06 16 14
2022 07 13 06
2022 07 14 36
2022 07 24 20
2022 07 31 36
2022 08 07 29
2022 08 10 01
2022 08 13 29
2022 08 17 04
2022 08 29 03
2022 08 31 27
2022 09 07 30
2022 09 11 45
2022 09 23 07
2022 10 08 36
2022 10 21 31
2022 12 16 29
2022 12 19 09
2022 12 23 28
2022 12 31 27
